2 0.02197265625 0.290785498489426 0.0439453125 0.08610271903323263
2 0.38232421875 0.3851963746223565 0.0400390625 0.0891238670694864
0 0.11865234375 0.08685800604229607 0.1005859375 0.17220543806646527
0 0.28076171875 0.22507552870090636 0.0693359375 0.09818731117824774
0 0.4267578125 0.08610271903323263 0.0791015625 0.10725075528700906
0 0.43798828125 0.3783987915407855 0.0517578125 0.09969788519637462
0 0.74853515625 0.1472809667673716 0.078125 0.09214501510574018
0 0.73388671875 0.46827794561933533 0.0771484375 0.11329305135951662
0 0.2734375 0.7824773413897281 0.0712890625 0.08308157099697885
7 0.14013671875 0.3768882175226586 0.0810546875 0.1163141993957704
5 0.626953125 0.06873111782477341 0.078125 0.06797583081570997
5 0.01025390625 0.5868580060422961 0.0205078125 0.11027190332326284