2 0.0325781249999999 0.7734894259818731 0.045273437500000124 0.08513595166163127
2 0.47114257812500004 0.8572507552870091 0.05060546875000016 0.0988670694864049
5 0.005859375 0.702416918429003 0.01171875 0.08761329305135952
5 0.03515625 0.6570996978851964 0.0703125 0.1268882175226586
5 0.0641015625000001 0.7652416918429004 0.07634765624999984 0.07690332326284001
5 0.20924804687499998 0.662250755287009 0.12339843750000012 0.1647885196374621
5 0.5830078125 0.603202416918429 0.0914453125000001 0.1263444108761329
0 0.0068359375 0.30362537764350456 0.013671875 0.10574018126888217
0 0.2802734375 0.22212990936555893 0.05770507812500014 0.09200906344410871
0 0.7445800781249998 0.5345317220543807 0.06658203125000028 0.09063444108761329
0 0.732158203125 0.8496978851963746 0.07013671874999972 0.10848942598187301
0 0.4351953125000001 0.931404833836858 0.06569335937499998 0.08513595166163127
0 0.282939453125 0.7686706948640484 0.05948242187499986 0.09475830815709972
0 0.12934570312500004 0.6135045317220543 0.05770507812500014 0.10024169184290015
0 0.1302343749999999 0.931404833836858 0.08611328124999984 0.1318277945619335