2 0.02197265625 0.709214501510574 0.0439453125 0.08610271903323263
2 0.38237304687499996 0.6148791540785499 0.03995117187499986 0.08925981873111788
0 0.11870117187499996 0.9128700906344411 0.10032226562500002 0.17166163141993973
0 0.28071289062500004 0.7748489425981874 0.06924804687499986 0.0988670694864049
0 0.4267578125 0.9135498489425982 0.07901367187499986 0.10711480362537777
0 0.4378515624999999 0.6217371601208459 0.05149414062500002 0.10024169184290033
0 0.7485839843750002 0.8524471299093657 0.078125 0.09200906344410889
0 0.7339355468750002 0.531797583081571 0.07723632812500014 0.11261329305135945
0 0.27361328125000006 0.21731117824773416 0.07102539062500002 0.08240181268882177
7 0.1399999999999999 0.6231117824773413 0.08079101562500002 0.11672205438066463
5 0.626953125 0.931404833836858 0.078125 0.06865558912386714
5 0.01025390625 0.4131419939577039 0.0205078125 0.11027190332326284