2 0.080078125 0.1555891238670695 0.0517578125 0.0891238670694864
6 0.255859375 0.34516616314199394 0.08203125 0.11782477341389729
6 0.255859375 0.1487915407854985 0.0888671875 0.09818731117824774
6 0.44091796875 0.14425981873111782 0.044921875 0.1419939577039275
6 0.51708984375 0.2545317220543807 0.060546875 0.11782477341389729
6 0.595703125 0.2719033232628399 0.05859375 0.10574018126888217
5 0.3583984375 0.1419939577039275 0.1201171875 0.09667673716012085
0 0.005859375 0.4743202416918429 0.01171875 0.1027190332326284
0 0.12744140625 0.1472809667673716 0.05078125 0.09214501510574018
0 0.3310546875 0.3972809667673716 0.06640625 0.10574018126888217
0 0.59716796875 0.6268882175226587 0.068359375 0.09365558912386707
0 0.587890625 0.1593655589123867 0.056640625 0.0891238670694864