0 0.7958984375 0.8398791540785498 0.072265625 0.1027190332326284
0 0.5615234375 0.5619335347432024 0.06640625 0.09667673716012085
0 0.73974609375 0.3731117824773414 0.0546875 0.10876132930513595
0 0.55322265625 0.18957703927492447 0.0849609375 0.11782477341389729
0 0.31298828125 0.4652567975830816 0.0634765625 0.11329305135951662
0 0.01904296875 0.6578549848942599 0.0380859375 0.09818731117824774
0 0.2568359375 0.030211480362537766 0.083984375 0.06042296072507553
2 0.798828125 0.9403323262839879 0.0947265625 0.0634441087613293
2 0.779296875 0.297583081570997 0.0703125 0.08761329305135952
5 0.79541015625 0.7583081570996979 0.068359375 0.08308157099697885
5 0.24267578125 0.017371601208459216 0.0634765625 0.03474320241691843