2 0.080078125 0.8444108761329305 0.0517578125 0.0891238670694864
6 0.255859375 0.654833836858006 0.08203125 0.11782477341389729
6 0.255859375 0.8512084592145015 0.0888671875 0.09818731117824774
6 0.44091796875 0.8557401812688822 0.044921875 0.1419939577039275
6 0.51708984375 0.7454682779456193 0.060546875 0.11782477341389729
6 0.595703125 0.7280966767371602 0.05859375 0.10574018126888217
5 0.3583984375 0.8580060422960725 0.1201171875 0.09667673716012085
0 0.005859375 0.525679758308157 0.01171875 0.1027190332326284
0 0.12744140625 0.8527190332326284 0.05078125 0.09214501510574018
0 0.3310546875 0.6027190332326284 0.06640625 0.10574018126888217
0 0.59716796875 0.3731117824773414 0.068359375 0.09365558912386707
0 0.587890625 0.8406344410876133 0.056640625 0.0891238670694864