2 0.05322265625 0.2311178247734139 0.0341796875 0.07854984894259819
2 0.06640625 0.16842900302114805 0.0400390625 0.0649546827794562
5 0.1923828125 0.22205438066465258 0.111328125 0.06646525679758308
5 0.5185546875 0.012084592145015106 0.048828125 0.02416918429003021
0 0.30859375 0.622356495468278 0.0927734375 0.10574018126888217
0 0.10595703125 0.23716012084592145 0.078125 0.1027190332326284
0 0.35595703125 0.2311178247734139 0.068359375 0.09969788519637462
0 0.5185546875 0.38821752265861026 0.0869140625 0.09818731117824774
0 0.771484375 0.7016616314199395 0.07421875 0.10120845921450151
0 0.71826171875 0.3187311178247734 0.07421875 0.1148036253776435
0 0.97119140625 0.4645015105740181 0.0576171875 0.09818731117824774
0 0.86328125 0.1555891238670695 0.07421875 0.08157099697885196
0 0.515625 0.07854984894259819 0.083984375 0.0891238670694864