2 0.080078125 0.15524169184290026 0.05149414062500002 0.08925981873111788
6 0.255859375 0.3454380664652569 0.08167968749999988 0.11809667673715987
6 0.255859375 0.14906344410876127 0.08877929687499986 0.0988670694864049
6 0.44096679687499996 0.14425981873111782 0.045273437500000124 0.1414501510574018
6 0.516865234375 0.2548036253776436 0.06037109375000016 0.11809667673715987
6 0.5958789062500003 0.27197885196374616 0.05859375000000022 0.10574018126888217
5 0.3583984375 0.14220543806646524 0.11985351562500002 0.09613293051359531
0 0.005859375 0.4743202416918429 0.01171875 0.1027190332326284
0 0.1275781250000001 0.14700906344410883 0.05060546875000016 0.09200906344410889
0 0.33087890624999994 0.39693353474320237 0.06658203124999984 0.10574018126888217
0 0.5972167968750002 0.6269637462235649 0.06835937500000022 0.09338368580060448
0 0.587890625 0.1593655589123867 0.05681640624999984 0.08925981873111788