2 0.03271484375 0.7734138972809668 0.044921875 0.08459214501510574
2 0.47119140625 0.8572507552870091 0.05078125 0.09818731117824774
5 0.005859375 0.702416918429003 0.01171875 0.08761329305135952
5 0.03515625 0.6570996978851964 0.0703125 0.1268882175226586
5 0.06396484375 0.7651057401812689 0.076171875 0.0770392749244713
5 0.20947265625 0.6623867069486404 0.123046875 0.1646525679758308
5 0.5830078125 0.6034743202416919 0.091796875 0.1268882175226586
0 0.0068359375 0.30362537764350456 0.013671875 0.10574018126888217
0 0.2802734375 0.22205438066465258 0.0576171875 0.09214501510574018
0 0.74462890625 0.5347432024169184 0.06640625 0.09063444108761329
0 0.73193359375 0.8496978851963746 0.0703125 0.10876132930513595
0 0.43505859375 0.9312688821752266 0.0654296875 0.08459214501510574
0 0.28271484375 0.7688821752265861 0.0595703125 0.09516616314199396
0 0.12939453125 0.6132930513595166 0.0576171875 0.09969788519637462
0 0.13037109375 0.9312688821752266 0.0859375 0.13141993957703926