0 0.041455078125000044 0.6320392749244713 0.07368164062499982 0.09613293051359514
0 0.23322265624999994 0.8153625377643504 0.10209960937500018 0.14968277945619324
0 0.419658203125 0.6347885196374623 0.05770507812500014 0.0988670694864049
0 0.5989843749999997 0.8133081570996978 0.05770507812499992 0.1235951661631419
0 0.597216796875 0.44459214501510574 0.05592773437499998 0.08102719033232626
0 0.7822265625 0.979607250755287 0.056640625 0.04078549848942598
0 0.41650390625 0.9818731117824774 0.0673828125 0.03625377643504532
1 0.97802734375 0.4086102719033233 0.0439453125 0.08308157099697885
4 0.974609375 0.2998489425981873 0.05078125 0.08610271903323263
3 0.97412109375 0.20619335347432025 0.0517578125 0.0770392749244713
2 0.1204687499999999 0.6327190332326285 0.05415039062499982 0.11397280966767379
2 0.590107421875 0.34433534743202415 0.0949902343750002 0.0755287009063444
2 0.8544921875 0.9614803625377644 0.0625 0.0770392749244713