0 0.95849609375 0.6321752265861027 0.0732421875 0.09667673716012085
0 0.7666015625 0.8157099697885196 0.1025390625 0.14954682779456194
0 0.58056640625 0.6344410876132931 0.0576171875 0.09818731117824774
0 0.40087890625 0.8134441087613293 0.0576171875 0.12386706948640483
0 0.40283203125 0.44486404833836857 0.0556640625 0.08157099697885196
0 0.2177734375 0.979607250755287 0.056640625 0.04078549848942598
0 0.58349609375 0.9818731117824774 0.0673828125 0.03625377643504532
1 0.02197265625 0.4086102719033233 0.0439453125 0.08308157099697885
4 0.025390625 0.2998489425981873 0.05078125 0.08610271903323263
3 0.02587890625 0.20619335347432025 0.0517578125 0.0770392749244713
2 0.87939453125 0.6329305135951662 0.0537109375 0.11329305135951662
2 0.40966796875 0.34441087613293053 0.0947265625 0.0755287009063444
2 0.1455078125 0.9614803625377644 0.0625 0.0770392749244713