2 0.05322265625 0.7688821752265861 0.0341796875 0.07854984894259819
2 0.06640625 0.831570996978852 0.0400390625 0.0649546827794562
5 0.1923828125 0.7779456193353474 0.111328125 0.06646525679758308
5 0.5185546875 0.9879154078549849 0.048828125 0.02416918429003021
0 0.30859375 0.3776435045317221 0.0927734375 0.10574018126888217
0 0.10595703125 0.7628398791540786 0.078125 0.1027190332326284
0 0.35595703125 0.7688821752265861 0.068359375 0.09969788519637462
0 0.5185546875 0.6117824773413897 0.0869140625 0.09818731117824774
0 0.771484375 0.2983383685800604 0.07421875 0.10120845921450151
0 0.71826171875 0.6812688821752266 0.07421875 0.1148036253776435
0 0.97119140625 0.5354984894259819 0.0576171875 0.09818731117824774
0 0.86328125 0.8444108761329305 0.07421875 0.08157099697885196
0 0.515625 0.9214501510574018 0.083984375 0.0891238670694864