0 0.7958984375 0.16012084592145015 0.072265625 0.1027190332326284
0 0.5615234375 0.4380664652567976 0.06640625 0.09667673716012085
0 0.73974609375 0.6268882175226587 0.0546875 0.10876132930513595
0 0.55322265625 0.8104229607250756 0.0849609375 0.11782477341389729
0 0.31298828125 0.5347432024169184 0.0634765625 0.11329305135951662
0 0.01904296875 0.3421450151057402 0.0380859375 0.09818731117824774
0 0.2568359375 0.9697885196374623 0.083984375 0.06042296072507553
2 0.798828125 0.05966767371601209 0.0947265625 0.0634441087613293
2 0.779296875 0.702416918429003 0.0703125 0.08761329305135952
5 0.79541015625 0.24169184290030213 0.068359375 0.08308157099697885
5 0.24267578125 0.9826283987915407 0.0634765625 0.03474320241691843