0 0.95849609375 0.3678247734138973 0.0732421875 0.09667673716012085
0 0.7666015625 0.18429003021148035 0.1025390625 0.14954682779456194
0 0.58056640625 0.36555891238670696 0.0576171875 0.09818731117824774
0 0.40087890625 0.1865558912386707 0.0576171875 0.12386706948640483
0 0.40283203125 0.5551359516616314 0.0556640625 0.08157099697885196
0 0.2177734375 0.02039274924471299 0.056640625 0.04078549848942598
0 0.58349609375 0.01812688821752266 0.0673828125 0.03625377643504532
1 0.02197265625 0.5913897280966768 0.0439453125 0.08308157099697885
4 0.025390625 0.7001510574018127 0.05078125 0.08610271903323263
3 0.02587890625 0.7938066465256798 0.0517578125 0.0770392749244713
2 0.87939453125 0.36706948640483383 0.0537109375 0.11329305135951662
2 0.40966796875 0.6555891238670695 0.0947265625 0.0755287009063444
2 0.1455078125 0.03851963746223565 0.0625 0.0770392749244713