2 0.05122070312499999 0.7700453172205438 0.03995117187499997 0.0755287009063444
2 0.07386718749999999 0.841465256797583 0.06391601562499999 0.08376132930513602
0 0.10981445312499999 0.7755438066465257 0.07723632812500003 0.08651057401812685
0 0.361953125 0.7762235649546828 0.0648046874999999 0.0988670694864049
0 0.311787109375 0.37386706948640486 0.06569335937499998 0.09063444108761329
0 0.515087890625 0.6189879154078549 0.08700195312499992 0.11672205438066463
0 0.709072265625 0.6814803625377643 0.07723632812499992 0.11809667673716022
0 0.768994140625 0.29628398791540783 0.0621484375000001 0.11672205438066463
0 0.96923828125 0.5294561933534743 0.0615234375 0.08308157099697885
0 0.8750878906249999 0.8517522658610273 0.05770507812500014 0.07965256797583084
0 0.517314453125 0.9341540785498489 0.05592773437499998 0.09063444108761329
5 0.97216796875 0.5324773413897281 0.0556640625 0.05891238670694864
5 0.8515625 0.9622356495468278 0.064453125 0.0755287009063444