2 0.05299804687500001 0.7686706948640484 0.03461914062499999 0.07827794561933525
2 0.066318359375 0.8318429003021147 0.039951171875000024 0.06454682779456196
5 0.1923828125 0.7775981873111782 0.11097656249999999 0.06592145015105755
5 0.5185546875 0.9879154078549849 0.048828125 0.02416918429003021
0 0.308681640625 0.3772960725075528 0.09321289062500004 0.10574018126888217
0 0.10582031250000001 0.7631873111782478 0.078125 0.10299093655589134
0 0.355732421875 0.7686706948640484 0.068359375 0.10024169184290015
0 0.518642578125 0.6121299093655589 0.08700195312499992 0.09750755287009057
0 0.77166015625 0.2983383685800604 0.0745703124999999 0.10161631419939575
0 0.7183984375 0.6814803625377643 0.0745703124999999 0.11534743202416903
0 0.97119140625 0.5354984894259819 0.0576171875 0.09818731117824774
0 0.86310546875 0.8441993957703928 0.0745703124999999 0.08102719033232643
0 0.515537109375 0.9211027190332326 0.0843359374999999 0.0892598187311177