2 0.05126953125 0.229607250755287 0.0400390625 0.0755287009063444
2 0.07373046875 0.15861027190332327 0.0634765625 0.08308157099697885
0 0.10986328125 0.2243202416918429 0.0771484375 0.08610271903323263
0 0.36181640625 0.22356495468277945 0.064453125 0.09818731117824774
0 0.31201171875 0.6261329305135952 0.0654296875 0.09063444108761329
0 0.51513671875 0.3806646525679758 0.0869140625 0.1163141993957704
0 0.708984375 0.3187311178247734 0.0771484375 0.11782477341389729
0 0.76904296875 0.7039274924471299 0.0625 0.1163141993957704
0 0.96923828125 0.4705438066465257 0.0615234375 0.08308157099697885
0 0.875 0.14803625377643503 0.0576171875 0.08006042296072508
0 0.51708984375 0.06570996978851963 0.0556640625 0.09063444108761329
5 0.97216796875 0.4675226586102719 0.0556640625 0.05891238670694864
5 0.8515625 0.0377643504531722 0.064453125 0.0755287009063444