0 0.20392578125 0.16033232628398789 0.07191406249999999 0.10299093655589125
0 0.43830078125000005 0.4384138972809668 0.06658203125000006 0.09613293051359514
0 0.260302734375 0.6272356495468279 0.05503906250000001 0.10848942598187301
0 0.44672851562500004 0.810558912386707 0.08522460937499998 0.11809667673716022
0 0.686875 0.5345317220543807 0.06303710937499996 0.11261329305135945
0 0.98095703125 0.3421450151057402 0.0380859375 0.09818731117824774
0 0.7431640625 0.9697885196374623 0.083984375 0.06042296072507553
2 0.20125976562499998 0.059395770392749236 0.09499023437499998 0.06317220543806645
2 0.22079101562499998 0.7020694864048338 0.07013671875000005 0.08788519637462246
5 0.20481445312500002 0.24203927492447128 0.068359375 0.08240181268882177
5 0.75732421875 0.9826283987915407 0.0634765625 0.03474320241691843